[4, 5]
[2, 3]
[1, 2]
[3, 5]
[11, 12]
[16, 18]
[4, 5]
[2, 7]
[1, 4]
[1, 2]
[3, 4]
[10, 11]
[11, 12]
[3, 4]
[2, 3]
[1, 2]
[4, 5]
[2, 4]
[7, 21]
[33, 34]
[16, 18]
[7, 8]
[1, 10]
[1, 2]
[6, 7]
[2, 18]
[3, 9]
[11, 12]
[3, 6]
[3, 4]
[1, 2]
[6, 7]
[7, 9]
[4, 19]
[11, 12]
[1, 8]
[3, 10]
[4, 5]
[6, 7]
[13, 14]
[6, 8]
[7, 8]
[1, 8]
[4, 5]
[5, 7]
[1, 7]
[1, 2]
[7, 8]
[5, 6]
[3, 5]
[12, 15]
[3, 5]
[2, 4]
[1, 9]
[3, 4]
[7, 8]
[3, 4]
[14, 15]
[13, 15]
[3, 8]
[13, 14]
[16, 17]
[7, 8]
[18, 19]
[15, 16]
[1, 14]
[13, 14]
[13, 15]
[3, 4]
[17, 18]
[15, 17]
[7, 8]
[10, 11]
[3, 4]
[6, 7]
[35, 37]
[13, 37]
[3, 17]
[2, 8]
[8, 9]
[2, 3]
[8, 24]
[2, 3]
[3, 4]
[3, 4]
[5, 6]
[3, 4]
[1, 11]
[2, 8]
[1, 8]
[1, 8]
[5, 9]
[4, 5]
[2, 3]
[4, 10]
[3, 4]
[1, 2]
[10, 11]
[17, 18]
[5, 7]
[1, 9]
[1, 2]
[1, 3]
[2, 12]
[3, 4]
[2, 8]
[6, 7]
[3, 4]
[2, 8]
[2, 14]
[2, 3]
[5, 18]
[3, 40]
[2, 3]
[2, 4]
[4, 5]
[5, 6]
[6, 13]
[2, 3]
[5, 11]
[5, 23]
[5, 9]
[7, 8]
[2, 5]
[2, 65]
[3, 4]
[2, 3]
[6, 7]
[6, 7]
[6, 7]
[3, 4]
[1, 3]
[7, 11]
[1, 6]
[6, 7]
[3, 6]
[2, 4]
[1, 2]
[4, 5]
[1, 5]
[2, 3]
[3, 5]
[6, 17]
[8, 11]
[7, 52]
[3, 4]
[6, 7]
[2, 3]
[2, 4]
[7, 13]
[5, 7]
[1, 2]
[2, 7]
